city  Vancouver               1382 m  world   0.44   0.16   0.24   1.13   0.38   0.00   0.38   0.71   1.81     228 m  centre   0.74   0.46   0.26   1.25   0.25   0.01   0.26   0.71   0.52
city  Seattle                  424 m  world   0.47   0.21   0.22   3.18   0.24   0.02   0.34   0.64   0.74     124 m  centre   0.64   0.25   0.37   0.37   0.39   0.01   0.36   0.75   0.85
city  San Francisco            492 m  world   0.44   0.22   0.25   1.15   0.50   0.01   0.41   0.67   1.50     219 m  centre   0.60   0.40   0.26   1.23   0.44   0.01   0.36   0.68   0.99
city  Rio de Janeiro           534 m  world   0.42   0.10   0.09   3.81   0.46   0.02   0.25   0.59   1.70     606 m  centre   0.67   0.42   0.12   2.72   0.52   0.01   0.50   0.65   1.50
city  Cape Town                675 m  world   0.46   0.09   0.13   3.38   0.55   0.01   0.31   0.61   1.62    1026 m  centre   0.84   0.59   0.17   1.70   0.44   0.00   0.63   0.74   1.59
city  Wellington               715 m  world   0.36   0.20   0.31   1.01   0.64   0.01   0.48   0.53   0.86     400 m  centre   0.52   0.32   0.37   0.47   0.30   0.01   0.47   0.53   0.97
city  Genoa                   1351 m  world   0.36   0.36   0.41   0.39   0.45   0.00   0.50   0.52   0.51     603 m  centre   0.62   0.36   0.30   0.90   0.42   0.00   0.69   0.55   1.07
city  Hong Kong                576 m  world   0.37   0.08   0.19   1.77   0.61   0.01   0.72   0.73   1.23     481 m  centre   0.69   0.29   0.25   1.02   0.25   0.02   1.05   0.61   1.13
city  Valparaiso               663 m  world   0.49   0.25   0.38   0.54   0.50   0.01   0.40   0.55   0.64     463 m  centre   0.62   0.65   0.49  -0.19   0.42   0.01   0.45   0.51   0.81
city  Naples                  1014 m  world   0.57   0.20   0.14   2.40   0.36   0.02   0.21   0.59   1.89     376 m  centre   0.69   0.61   0.24   1.52   0.27   0.01   0.29   0.65   0.90
city  Marseille                720 m  world   0.53   0.26   0.30   1.06   0.48   0.01   0.30   0.57   1.00     328 m  centre   0.55   0.53   0.25   1.46   0.40   0.00   0.36   0.60   0.92
city  Busan                    640 m  world   0.41   0.14   0.22   1.47   0.47   0.01   0.60   0.62   1.49     525 m  centre   0.72   0.46   0.23   1.36   0.08   0.00   0.82   0.62   1.23
city  Kobe                     622 m  world   0.55   0.39   0.22   1.52   0.34   0.01   0.30   0.57   1.54     683 m  centre   0.66   0.74   0.28   0.72   0.30   0.00   0.33   0.60   1.28
city  Hamilton                 569 m  world   0.51   0.35   0.15   2.78   0.00   0.03   0.16   0.52   1.54      45 m  centre   0.29   0.10   0.45   0.31   0.00   0.06  -0.10   0.58  -0.95
city  Copenhagen                65 m  world   0.42   0.31   0.33   0.77   0.49   0.09   0.11   0.63   0.69      40 m  centre   0.64   0.39   0.23   1.56   0.25   0.04   0.16   0.62   0.62
city  Buenos Aires              27 m  world   0.42   0.36   0.45   0.10   0.41   0.07   0.12   0.59   0.45      30 m  centre   0.57   0.49   0.33   0.71   0.36   0.07   0.07   0.60   0.19
city  Pittsburgh               173 m  world   0.22   0.12   0.60  -0.78   0.01   0.02   0.30   0.51   0.36     159 m  centre   0.48   0.29   0.51  -0.25   0.03   0.02   0.36   0.57   0.46
city  Lyon                     657 m  world   0.50   0.39   0.25   1.63   0.01   0.01   0.29   0.55   1.32     223 m  centre   0.65   0.49   0.27   0.91   0.01   0.03   0.25   0.59   0.92
city  Budapest                 415 m  world   0.49   0.33   0.20   2.03   0.01   0.03   0.29   0.58   1.31     360 m  centre   0.72   0.64   0.20   1.61   0.03   0.02   0.37   0.60   1.31
city  Porto                    476 m  world   0.44   0.29   0.33   0.96   0.41   0.01   0.28   0.53   0.74     168 m  centre   0.62   0.49   0.42   0.29   0.19   0.01   0.31   0.61   0.06
city  Lisbon                   335 m  world   0.42   0.33   0.26   1.14   0.29   0.01   0.25   0.59   1.27     178 m  centre   0.60   0.37   0.39   0.20   0.41   0.01   0.31   0.60   0.50
city  Turin                   1270 m  world   0.52   0.36   0.15   3.09   0.00   0.00   0.09   0.54   1.76     405 m  centre   0.66   0.58   0.22   1.83   0.00   0.01   0.08   0.55   1.44
city  Salt Lake City          1817 m  world   0.54   0.53   0.29   0.71   0.09   0.00   0.38   0.59   1.87     717 m  centre   0.72   0.62   0.18   1.61   0.00   0.00   0.22   0.64   1.94
city  Innsbruck               2422 m  world   0.50   0.26   0.44   0.20   0.00   0.00   0.46   0.58   1.13    1766 m  centre   0.80   0.73   0.33   0.66   0.00   0.00   0.63   0.60   1.46
city  Denver                  1032 m  world   0.52   0.57   0.24   1.71   0.01   0.00   0.16   0.55   1.27     105 m  centre   0.75   0.67   0.49   0.01   0.00   0.01   0.08   0.65   0.29
city  Kathmandu               2049 m  world   0.51   0.27   0.46   0.23   0.00   0.01   0.45   0.52   0.43     604 m  centre   0.62   0.48   0.14   3.16   0.00   0.06   0.38   0.54   1.34
city  Medellin                2271 m  world   0.61   0.48   0.61  -0.73   0.00   0.01   0.35   0.53  -0.02    1255 m  centre   0.84   0.76   0.29   0.99   0.00   0.00   0.61   0.63   1.12
city  Mexico City             1355 m  world   0.58   0.59   0.17   1.77   0.01   0.00   0.29   0.56   1.68      74 m  centre   0.60   0.29   0.16   4.12   0.00   0.04   0.11   0.60   1.23
city  Geneva                  1375 m  world   0.58   0.37   0.31   0.98   0.08   0.01   0.31   0.60   0.54     693 m  centre   0.82   0.45   0.11   4.56   0.09   0.01   0.20   0.67   1.08
city  Munich                   271 m  world   0.43   0.50   0.40   0.61   0.01   0.03   0.14   0.50   0.79      72 m  centre   0.47   0.61   0.41   0.35   0.00   0.06   0.02   0.48   0.07
city  Kansas City              105 m  world   0.39   0.28   0.54  -0.36   0.01   0.03   0.26   0.54   1.07      81 m  centre   0.57   0.37   0.41   0.33   0.02   0.07   0.43   0.55   0.52
wild  Bernese Alps            2960 m  world   0.56   0.30   0.50  -0.16   0.01   0.00   0.43   0.61   0.54
wild  Central Pyrenees        2151 m  world   0.49   0.28   0.51  -0.01   0.00   0.00   0.43   0.57   0.22
wild  Colorado Rockies        1685 m  world   0.43   0.34   0.54  -0.20   0.01   0.00   0.39   0.56   0.33
wild  Scottish Highlands       901 m  world   0.36   0.11   0.42   0.37   0.04   0.00   0.42   0.65   0.45
wild  Appalachians             571 m  world   0.14   0.18   0.50   0.03   0.00   0.02   0.29   0.46  -0.02
wild  Southern Alps           2507 m  world   0.50   0.23   0.52  -0.27   0.01   0.00   0.55   0.57   1.19
wild  Patagonian Andes        1811 m  world   0.40   0.12   0.52  -0.14   0.03   0.02   0.52   0.60   0.77
wild  High Atlas              3044 m  world   0.58   0.47   0.38   0.42   0.00   0.00   0.32   0.51   1.05
wild  Greater Caucasus        2910 m  world   0.54   0.29   0.49   0.06   0.00   0.00   0.34   0.57   0.04
wild  Eastern Carpathians     1360 m  world   0.43   0.24   0.44   0.39   0.00   0.00   0.47   0.52   0.21
wild  Japanese Alps           2176 m  world   0.48   0.41   0.40   0.42   0.00   0.00   0.43   0.54   1.35
wild  Taiwan Central Range    2972 m  world   0.54   0.28   0.51  -0.05   0.00   0.01   0.41   0.53   0.22
wild  Sierra Nevada           2511 m  world   0.54   0.45   0.56  -0.11   0.01   0.00   0.16   0.58  -0.09
wild  Massif Central          1016 m  world   0.42   0.38   0.50  -0.08   0.00   0.01   0.31   0.51   0.20
wild  Black Forest            1012 m  world   0.39   0.39   0.54  -0.38   0.00   0.01   0.35   0.51   0.98
wild  Ozarks                   460 m  world   0.31   0.22   0.43   0.54   0.00   0.01   0.29   0.50   0.37
wild  Mantiqueira              340 m  world   0.25   0.26   0.35   0.96   0.01   0.02   0.37   0.51   0.17
wild  Tasmanian Highlands      799 m  world   0.49   0.37   0.57  -0.34   0.09   0.00   0.17   0.63  -0.47
wild  Drakensberg             2017 m  world   0.53   0.51   0.52  -0.04   0.00   0.00   0.40   0.51   0.28
wild  Ethiopian Highlands     2057 m  world   0.55   0.43   0.39   0.62   0.00   0.00   0.35   0.51  -0.16
wild  Ryfylke fjords          1295 m  world   0.39   0.25   0.52  -0.25   0.13   0.02   0.30   0.68   0.04
wild  Brittany coast           280 m  world   0.39   0.46   0.49   0.19   0.16   0.03   0.14   0.53  -0.01
wild  Big Sur                 1328 m  world   0.51   0.32   0.45   0.09   0.29   0.00   0.44   0.52   1.50
wild  Dalmatian coast          624 m  world   0.45   0.24   0.33   0.92   0.38   0.05   0.25   0.59   0.16
wild  Maine coast              223 m  world   0.34   0.06   0.21   3.11   0.60   0.02   0.13   0.87   0.35
wild  Chilean fjords          1452 m  world   0.45   0.12   0.41   0.26   0.13   0.01   0.45   0.63   0.90
wild  Corsica                 2099 m  world   0.55   0.33   0.39   0.52   0.02   0.00   0.44   0.54   0.54
wild  Konkan coast             622 m  world   0.44   0.33   0.42   0.22   0.22   0.01   0.24   0.53   0.72
wild  Nebraska plains          179 m  world   0.45   0.42   0.51   0.06   0.00   0.09   0.19   0.51   0.43
wild  Pampas                    16 m  world   0.27   0.37   0.45   0.33   0.03   0.11   0.03   0.75  -0.13

61 world squares, 31 city centres; columns: land relief (1st to 99th percentile), then H fine, H coarse, HI, skew, water, hollows, concavity, tau, contrast
